13 13
256	256	256	256	256	256	256	256	256	256	256	256	256
256	20	20	20	20	20	20	20	256	256	256	63	256
256	20	256	256	256	256	256	20	4096	256	256	20	256
256	20	256	20	20	20	20	20	256	256	256	20	256
256	20	256	20	256	4096	256	256	256	256	256	20	256
256	20	256	20	20	256	20	20	20	20	20	20	256
256	20	4096	256	20	256	20	256	256	256	256	256	256
256	20	18	18	22	18	22	18	18	18	18	256	256
256	20	18	256	20	20	20	256	4096	256	18	63	256
256	20	18	256	256	256	256	256	256	256	256	256	256
256	95	18	4096	256	256	256	256	256	256	4096	256	256
256	95	17	17	17	17	17	17	17	17	17	63	256
256	256	256	256	256	256	256	256	256	256	256	256	256
