13 13
Red 46
1 11
2 11
3 11
4 11
5 11
6 11
6 10
6 9
6 8
6 7
6 6
7 6
8 6
9 6
9 5
9 4
8 4
7 4
6 4
5 4
5 3
4 3
3 3
3 4
3 5
3 6
3 7
3 8
2 8
1 8
1 7
1 6
1 5
1 4
1 3
1 2
1 1
2 1
3 1
4 1
5 1
6 1
7 1
8 1
9 1
10 1
Green 13
1 11
2 11
3 11
4 11
5 11
6 11
6 10
6 9
6 8
6 7
6 6
7 6
8 6
9 6
9 5
9 4
8 4
7 4
6 4
5 4
5 3
4 3
3 3
3 4
3 5
3 6
3 7
3 8
2 8
1 8
1 7
1 6
1 5
1 4
1 3
1 2
1 1
2 1
3 1
4 1
5 1
6 1
7 1
8 1
9 1
10 1
Blue 11
1 11
2 11
3 11
4 11
5 11
6 11
6 10
6 9
6 8
6 7
6 6
7 6
8 6
9 6
9 5
9 4
8 4
7 4
6 4
5 4
5 3
4 3
3 3
3 4
3 5
3 6
3 7
3 8
2 8
1 8
1 7
1 6
1 5
1 4
1 3
1 2
1 1
2 1
3 1
4 1
5 1
6 1
7 1
8 1
9 1
10 1
